1519832063979,0.0,0.0,0.0
1519832064001,0.0,0.0,0.0
1519832064022,0.31577635,-1.1225247,0.6958599
1519832064044,0.44802403,-1.036144,0.29483032
1519832064065,0.7175591,-0.3438828,1.6819067
1519832064087,0.41125083,-1.2720344,1.3513222
1519832064108,-0.32415867,-0.6315167,1.3102217
1519832064129,-0.3476882,-0.60908246,0.046221733
1519832064151,0.65501857,-1.1013458,-0.6306181
1519832064175,2.4667346,-1.1979692,0.6408367
1519832064196,-0.10937834,-0.52522695,1.3399792
1519832064216,0.0347054,0.21052516,1.2364101
1519832064238,-0.5017817,-0.031581223,1.3638525
1519832064259,-1.2486656,0.5058334,1.769453
1519832064281,-2.81041,2.782208,1.704422
1519832064302,-2.071348,1.1164591,1.1322756
1519832064323,-0.76163745,-0.086627126,-0.7866869
1519832064346,0.3082661,-0.6453465,-2.14925
1519832064368,2.1618333,-3.2053347,-1.4798985
1519832064389,3.7025914,-4.4163866,-0.39143753
1519832064410,3.1420922,-3.71985,-0.07409763
1519832064431,1.1120396,-1.4042697,0.6959686
1519832064452,-0.2408227,0.21678948,1.6494884
1519832064477,-0.103704214,-0.7229226,0.8692169
1519832064499,0.20474225,-1.1782355,0.3382988
1519832064521,0.5614094,-0.8355506,-0.13166046
1519832064543,-0.27328175,-0.5492628,-0.13261795
1519832064565,-0.26326847,-0.71635544,-0.17951584
1519832064587,-0.03166309,-0.16096912,-0.72047806
1519832064608,-0.28541777,-0.6732984,-1.048809
1519832064629,-0.60411435,-0.055364594,-0.4688692
1519832064650,-0.46999505,-2.618134E-5,-0.58383465
1519832064673,0.61433864,0.18344137,0.52690125
1519832064694,0.82869023,-0.34860498,0.18216228
1519832064715,0.04324618,-0.5137335,-0.09852409
1519832064741,-0.2971337,0.07211004,-0.0040454865
1519832064762,0.07161698,-0.061514936,-0.07601166
1519832064784,0.41417184,0.15550235,-0.6063719
1519832064806,0.106256396,-0.040826797,-1.1862717
1519832064828,-0.28776342,-0.16549683,-1.4462166
1519832064850,-0.55029345,0.048414797,0.046203613
1519832064873,-0.4900143,-0.025977582,0.3306389
1519832064895,-0.1322118,-0.21968699,0.38937378
1519832064916,0.25953233,-0.45952997,0.40451717
1519832064939,0.2462455,-0.30031613,0.3772869
1519832064961,0.14061987,-0.13141093,-0.062101364
1519832064982,0.034021378,-0.03437859,-0.50118446
1519832065004,0.06110421,0.011218011,-0.49236584
1519832065025,0.27148247,-0.05929321,-0.15031433
1519832065047,0.3053542,-0.18757898,0.20870113
1519832065068,-0.049842954,-0.15246508,0.376379
1519832065095,-0.16991456,-0.09430483,0.2916069
1519832065116,-0.015953034,-0.11873433,0.14951038
1519832065138,4.079193E-4,-0.06708324,0.107868195
1519832065159,0.11937814,-0.037029326,0.08290005
1519832065181,0.32046247,-0.09042454,-0.2667446
1519832065204,0.5146134,-0.001138866,-0.47221756
1519832065226,0.7944584,0.08975625,-0.4321289
1519832065247,1.2084907,0.04239577,-0.139678
1519832065269,2.026511,0.13891917,0.121356964
1519832065291,2.998345,0.3440342,-0.12403202
1519832065312,3.6653242,0.4616937,-0.2237482
1519832065334,4.668229,0.5446768,0.33096504
1519832065357,5.043803,0.52283376,0.4475708
1519832065378,4.8476925,-0.052009583,0.19746208
1519832065400,4.259839,-0.5250266,0.4907093
1519832065422,3.90451,-0.81965446,0.8676691
1519832065443,3.2306104,-1.1437247,0.9702654
1519832065465,2.2067113,-1.4754274,0.5987425
1519832065486,0.527864,-2.0080242,0.077153206
1519832065507,-0.8524093,-2.1250205,-0.15952682
1519832065529,-2.6447337,-2.4076982,-0.48044205
1519832065550,-4.025575,-2.347818,-0.30549812
1519832065574,-4.538345,-1.8070834,0.037119865
1519832065595,-4.7472568,-1.450366,-0.1468277
1519832065617,-4.740452,-1.3496823,0.017363548
1519832065640,-4.2603006,-1.2696238,0.35106945
1519832065662,-3.918927,-1.0578632,0.27184105
1519832065684,-3.5788393,-0.62011755,-0.75982
1519832065706,-2.4356482,-0.54360795,-0.68321705
1519832065727,-1.6223305,-0.52839774,0.23167038
1519832065748,-1.2896888,-0.5497807,0.68077755
1519832065772,-1.1749012,-0.40398693,0.5856333
1519832065794,-0.7872664,-0.23916727,0.19932556
1519832065816,-0.5709985,-0.20864195,0.12729359
1519832065837,-0.38330063,-0.29437274,0.024975777
1519832065858,-0.11696243,-0.21863472,0.045746803
1519832065880,0.033625543,-0.11518568,0.08117676
1519832065901,0.17847508,0.037447214,-0.069945335
1519832065923,0.2951759,0.08462727,-0.05000019
1519832065945,0.07160811,-0.14351839,0.041819572
1519832065967,0.06677829,-0.22708505,0.05943203
1519832065989,0.11045265,-0.051292777,0.07122898
1519832066010,0.07438387,0.08092928,-0.20987034
1519832066031,-0.08965483,-0.020543754,-0.27251434
1519832066053,-0.09903641,-0.08590418,0.0145998
1519832066074,-0.07518011,-0.035202622,0.09039974
1519832066095,0.07987453,0.029490829,-0.22887707
1519832066117,0.16232796,0.028494895,-0.2780981
1519832066138,0.09869738,-0.09470242,-0.021392822
1519832066161,0.11998238,-0.07803911,0.07914448
1519832066183,0.2838554,-0.032969475,0.18278122
1519832066206,0.36081138,-0.10123986,0.037332535
1519832066227,0.20070833,-0.066710114,0.13254452
1519832066248,0.14575464,-0.08789313,0.20436192
1519832066269,0.054631636,-0.108336985,0.025157928
1519832066291,-0.081280366,-0.06470287,0.074487686
1519832066314,-0.10095067,0.033821225,-0.073685646
1519832066335,0.17185636,0.118328154,-0.29656124
1519832066361,0.39344507,0.064466655,-0.3339386
1519832066382,0.3592493,-0.01351434,0.052451134
1519832066403,0.20606138,-0.018528342,0.07469654
1519832066424,0.11160441,-0.045569003,0.1366272
1519832066446,0.062758625,-0.09634787,0.18172455
1519832066468,0.004489124,-0.11315048,0.009924889
1519832066489,0.013173357,-0.11372185,-0.079636574
1519832066510,-0.15110151,-0.13115042,0.087833405
1519832066532,-0.5152408,-0.09255898,0.20796394
1519832066554,-0.9243196,-0.20119834,0.029047966
1519832066575,-1.4771535,-0.42230552,0.009773254
1519832066596,-2.330531,-0.6510887,0.27493954
1519832066618,-3.117848,-0.9040794,0.26579952
1519832066639,-3.75135,-1.0372884,0.38498592
1519832066662,-4.085953,-1.0026944,0.30890083
1519832066683,-3.5041075,-0.9109376,-0.2565279
1519832066704,-2.750185,-0.7924823,-0.7114086
1519832066726,-0.19987842,-0.26902407,-1.3719225
1519832066747,0.8508954,-0.1428566,-1.0417767
1519832066769,1.1690317,-0.3329429,-0.796607
1519832066791,1.4206802,-0.42038786,-0.16676712
1519832066812,1.762961,-0.2924412,0.30782032
1519832066834,2.3970594,-0.046097457,0.46160507
1519832066856,3.1350574,-0.086378515,1.0444555
1519832066879,3.1577988,-0.06785181,1.5010023
1519832066900,2.9316657,-0.010065019,1.1419926
1519832066922,2.9032404,0.084038585,0.5833988
1519832066943,2.4603124,0.27961072,0.29355717
1519832066965,1.6169183,0.115173906,0.33627987
1519832066986,1.1017834,0.15765688,0.5785713
1519832067008,0.79534674,0.24225527,-0.018697739
1519832067030,0.58048344,0.16324967,-0.30739403
1519832067051,0.4587595,0.046922565,-0.21647072
1519832067074,0.27106115,-0.06918484,-0.059402466
1519832067096,-0.055125818,-0.010213137,-0.35064793
1519832067118,-0.45106545,0.0594123,-0.33498
1519832067139,-0.70735794,0.11370456,-0.5390339
1519832067162,-0.57699424,0.37135285,-1.1223278
1519832067184,-0.33708474,0.4274137,-1.5216103
1519832067205,-0.15240498,0.4021793,-1.7664156
1519832067226,-0.024716599,0.26641446,-1.5415449
1519832067246,-0.0631503,0.44867706,-1.2527246
1519832067267,-0.22892308,0.78506064,-1.5928898
1519832067287,-0.43267047,0.89092374,-2.393715
1519832067308,-0.4714982,0.42817628,-3.7548733
1519832067329,-0.7963627,0.4328677,-3.7032375
1519832067350,-0.38912192,-0.30364883,-2.8305044
1519832067371,-0.5473595,-0.2751674,-1.7386913
1519832067392,-0.74953926,-0.27250773,-1.5876808
1519832067414,-0.15717193,-0.38247377,-2.1895618
1519832067435,-0.42790294,-0.5152098,-1.9703722
1519832067457,-0.95370114,-0.99672294,-0.78752995
1519832067478,-1.6537368,-0.980662,-0.63525486
1519832067498,-0.40094998,-1.6715312,-1.710537
1519832067519,1.8363392,-2.2989206,-1.6592064
1519832067542,2.9590473,-1.7436035,-0.0013866425
1519832067563,1.4935627,-1.7090265,-0.335598
1519832067586,0.61268485,-0.8199473,-3.0614834
1519832067607,2.6252203,-1.973402,-2.4164333
1519832067628,1.3047512,-1.4621654,1.2447376
1519832067649,-0.52917826,-1.2390939,2.819541
1519832067670,-0.8551587,-0.05998802,3.3449163
1519832067692,-0.97268754,0.7802055,4.5953197
1519832067713,-0.63257927,1.585337,6.5110683
1519832067735,-0.80670714,1.6324592,7.798332
1519832067757,-1.3760657,0.87288535,8.923562
1519832067778,-1.4196084,-0.15111744,8.148701
1519832067799,-0.13436323,-0.43763363,3.7613325
1519832067821,0.27153265,-0.06768918,1.7088785
1519832067846,0.8691949,-0.50953996,-0.24981594
1519832067867,0.26341897,-0.6799841,0.31640244
1519832067890,-0.59521675,-0.46314287,0.6773577
1519832067911,-0.49489015,-0.13686621,0.014760017
1519832067932,0.03688413,0.096099734,-0.39211082
1519832067955,0.35561085,0.07613754,-0.52865124
1519832067976,0.3518436,-0.14255226,-0.46659374
1519832067998,0.15218294,-0.23746526,-0.15217781
1519832068019,0.18947476,-0.040863514,-0.36431122
1519832068041,0.2219882,0.14934069,-0.7423258
1519832068063,0.17001247,0.1656524,-0.3958006
1519832068085,-0.081775844,-0.17886543,0.12613487
1519832068106,-0.31004685,-0.10649508,0.099588394
1519832068127,-0.41300178,0.07686007,-0.40241146
1519832068149,-0.16252786,0.09982926,-0.252697
1519832068170,0.18785173,-0.07738,0.05633259
1519832068198,0.16872835,-0.043823183,-0.116892815
1519832068219,0.1537435,-0.014236867,-0.5275383
1519832068242,-0.17505985,-0.0082633495,0.027974129
1519832068264,-0.18429056,-0.1172812,0.05053711
1519832068284,-0.010250181,-0.09650183,-0.0037059784
1519832068306,0.025657713,-0.063048005,-0.018280983
1519832068327,0.07884973,-0.07185763,0.15731335
1519832068348,0.023008406,-0.08686602,0.08753204
1519832068370,-0.065713376,0.010972798,-0.16828346
1519832068392,0.14949408,0.0076381564,-0.02703476
1519832068413,-0.09684506,-0.057801247,0.3339491
1519832068434,-0.32972863,0.09143847,-0.055470467
1519832068457,-0.11309756,0.05046743,-0.18819714
